res_type  descriptor_type  feature_type  thumbnail_size     accuracy   std_accuracy  F1     std_F1
Kmeans+SVM  SIFT             Dense         (64, 64)          0.462963  0.016744   0.428392  0.019306
                                           (128, 128)        0.459259  0.001604   0.424707  0.005002
                                           (256, 256)        0.429630  0.004243   0.391260  0.005841
                                           (512, 512)        0.439815  0.012526   0.400696  0.014195
                             MSER          (64, 64)          0.511111  0.012108   0.502589  0.016387
                                           (128, 128)        0.571296  0.005782   0.556441  0.008144
                                           (256, 256)        0.576852  0.028373   0.565526  0.033532
                                           (512, 512)        0.587963  0.020849   0.575198  0.024689
                             SIFT          (64, 64)          0.286778  0.016837   0.265366  0.020617
                                           (128, 128)        0.380556  0.020031   0.352178  0.024684
                                           (256, 256)        0.399074  0.005782   0.370071  0.002573
                                           (512, 512)        0.401852  0.013981   0.370227  0.011747
            SURF             Dense         (64, 64)          0.263889  0.016897   0.219511  0.017112
                                           (128, 128)        0.323148  0.003208   0.257733  0.006861
                                           (256, 256)        0.335185  0.005782   0.270660  0.006718
                                           (512, 512)        0.337963  0.011226   0.269285  0.014718
                             SURF          (64, 64)          0.335196  0.013981   0.308175  0.000785
                                           (128, 128)        0.435185  0.013981   0.409474  0.011476
                                           (256, 256)        0.443519  0.016276   0.413774  0.023098
                                           (512, 512)        0.430556  0.012108   0.397902  0.017492
====================================================================================================
res_type  descriptor_type  feature_type  thumbnail_size     accuracy   std_accuracy  F1     std_F1
Kmeans+OPF  SIFT             Dense         (64, 64)          0.470370  0.006991   0.463572  0.008985
                                           (128, 128)        0.499074  0.011226   0.499210  0.009105
                                           (256, 256)        0.475926  0.018073   0.474502  0.017876
                                           (512, 512)        0.486111  0.008333   0.484210  0.014648
                             MSER          (64, 64)          0.387037  0.026401   0.383059  0.024734
                                           (128, 128)        0.453704  0.004243   0.445761  0.008856
                                           (256, 256)        0.460185  0.021576   0.446068  0.026021
                                           (512, 512)        0.462037  0.029441   0.446532  0.036036
                             SIFT          (64, 64)          0.186220  0.012902   0.184424  0.014075
                                           (128, 128)        0.220370  0.001604   0.213521  0.004836
                                           (256, 256)        0.313889  0.007349   0.325132  0.007612
                                           (512, 512)        0.315741  0.028912   0.316542  0.026337
            SURF             Dense         (64, 64)          0.248148  0.004243   0.244513  0.004804
                                           (128, 128)        0.341667  0.020972   0.333829  0.012590
                                           (256, 256)        0.355556  0.010015   0.353193  0.009811
                                           (512, 512)        0.357407  0.003208   0.354666  0.005256
                             SURF          (64, 64)          0.252328  0.015883   0.236847  0.021070
                                           (128, 128)        0.333333  0.027358   0.321723  0.016939
                                           (256, 256)        0.363889  0.010015   0.364928  0.017638
                                           (512, 512)        0.387037  0.021576   0.382560  0.022626
====================================================================================================
res_type  descriptor_type  feature_type  thumbnail_size     accuracy   std_accuracy  F1     std_F1
OPF+OPF   SIFT             Dense         (64, 64)          0.285185   0.016744    0.286961  0.020434
                                         (128, 128)        0.328704   0.004243    0.329682  0.005165
                                         (256, 256)        0.308333   0.067586    0.309027  0.064947
                                         (512, 512)        0.325926   0.059404    0.329150  0.061689
                           MSER          (64, 64)          0.156481   0.097513    0.158858  0.092618
                                         (128, 128)        0.255556   0.029397    0.254553  0.023575
                                         (256, 256)        0.221296   0.054880    0.215301  0.052045
                                         (512, 512)        0.222222   0.025459    0.213717  0.028101
                           SIFT          (64, 64)          0.096834   0.022750    0.095747  0.018864
                                         (128, 128)        0.125926   0.022624    0.124534  0.017802
                                         (256, 256)        0.184259   0.008929    0.183543  0.005427
                                         (512, 512)        0.176852   0.016973    0.173213  0.018662
          SURF             Dense         (64, 64)          0.164815   0.006991    0.162164  0.004432
                                         (128, 128)        0.274074   0.028373    0.270279  0.023840
                                         (256, 256)        0.329630   0.018908    0.331491  0.027441
                                         (512, 512)        0.318519   0.029178    0.318166  0.031678
                           SURF          (64, 64)          0.143389   0.015384    0.138834  0.009082
                                         (128, 128)        0.190741   0.028509    0.187269  0.024946
                                         (256, 256)        0.243519   0.003208    0.242957  0.004584
                                         (512, 512)        0.213889   0.010015    0.217203  0.007001
====================================================================================================
res_type  descriptor_type  feature_type  thumbnail_size     accuracy   std_accuracy  F1     std_F1
OPF+SVM   SIFT             Dense         (64, 64)          0.193519   0.015795    0.158337  0.014375
                                         (128, 128)        0.269444   0.017347    0.223017  0.015071
                                         (256, 256)        0.296296   0.051620    0.236732  0.061213
                                         (512, 512)        0.309259   0.053166    0.251280  0.061702
                           MSER          (64, 64)          0.110185   0.016744    0.096808  0.015971
                                         (128, 128)        0.167593   0.026692    0.152141  0.027763
                                         (256, 256)        0.195370   0.025205    0.178551  0.029422
                                         (512, 512)        0.222222   0.041107    0.199523  0.041737
                           SIFT          (64, 64)          0.080074   0.013201    0.067147  0.014500
                                         (128, 128)        0.136111   0.010015    0.112411  0.010895
                                         (256, 256)        0.193519   0.011226    0.168895  0.010807
                                         (512, 512)        0.174074   0.029178    0.147520  0.024331
          SURF             Dense         (64, 64)          0.193519   0.025660    0.145837  0.021315
                                         (128, 128)        0.285185   0.024269    0.222912  0.028625
                                         (256, 256)        0.327778   0.015466    0.275664  0.012002
                                         (512, 512)        0.328704   0.016973    0.272602  0.021670
                           SURF          (64, 64)          0.083799   0.009676    0.071279  0.009766
                                         (128, 128)        0.124074   0.071488    0.098204  0.071375
                                         (256, 256)        0.229630   0.016276    0.199824  0.014892
                                         (512, 512)        0.155556   0.105884    0.124875  0.099062
====================================================================================================
OVERFEAT+SVM
                                                           0.905556   0.0         0.905132  0.0

OVERFEAT+OPF
                                                           0.850000   0.0         0.848158  0.0
====================================================================================================
CNN+YUV
                                                           0.690000   0.0         0.673000  0.0
CNN+RGB
                                                           0.710000   0.0         0.700000  0.0                                                           
