res_type  descriptor_type  feature_type  thumbnail_size     accuracy   std_accuracy  F1     std_F1
Kmeans+SVM  SIFT             Dense         (64, 64)          0.315242    0.006928  0.280174  0.004886
                                           (128, 128)        0.341032    0.006566  0.289139  0.006508
                                           (256, 256)        0.309084    0.001764  0.246525  0.001436
                                           (512, 512)        0.318707    0.005774  0.256059  0.003136
                             MSER          (64, 64)          0.333718    0.018584  0.327440  0.020075
                                           (128, 128)        0.410701    0.009956  0.386673  0.004610
                                           (256, 256)        0.467667    0.020034  0.432281  0.022620
                                           (512, 512)        0.436490    0.011015  0.405074  0.014116
                             SIFT          (64, 64)          0.234682    0.011028  0.224259  0.009177
                                           (128, 128)        0.268593    0.004377  0.239834  0.008449
                                           (256, 256)        0.288247    0.009967  0.263495  0.013117
                                           (512, 512)        0.282081    0.016185  0.258121  0.014210
            SURF             Dense         (64, 64)          0.255196    0.001155  0.216589  0.001771
                                           (128, 128)        0.272517    0.003464  0.211914  0.004679
                                           (256, 256)        0.258661    0.004000  0.210352  0.004405
                                           (512, 512)        0.245958    0.002000  0.203421  0.002045
                             SURF          (64, 64)          0.132510    0.007442  0.138172  0.006228
                                           (128, 128)        0.301001    0.004808  0.277081  0.004389
                                           (256, 256)        0.336413    0.012347  0.301869  0.012746
                                           (512, 512)        0.344496    0.007334  0.295531  0.008709
=====================================================================================================
res_type  descriptor_type  feature_type  thumbnail_size     accuracy   std_accuracy  F1     std_F1
Kmeans+OPF  SIFT             Dense         (64, 64)          0.262510    0.008667  0.258621  0.008998
                                           (128, 128)        0.308314    0.003464  0.301909  0.005764
                                           (256, 256)        0.333718    0.006928  0.329186  0.011686
                                           (512, 512)        0.358353    0.010089  0.344588  0.007546
                             MSER          (64, 64)          0.280216    0.014111  0.274063  0.011848
                                           (128, 128)        0.335643    0.004808  0.325337  0.003492
                                           (256, 256)        0.346035    0.007056  0.337401  0.008541
                                           (512, 512)        0.326405    0.015377  0.314493  0.017195
                             SIFT          (64, 64)          0.160694    0.015029  0.168551  0.015892
                                           (128, 128)        0.148748    0.008980  0.162933  0.009470
                                           (256, 256)        0.167630    0.013028  0.183139  0.014642
                                           (512, 512)        0.174566    0.013028  0.183796  0.015157
            SURF             Dense         (64, 64)          0.131255    0.008111  0.146147  0.006698
                                           (128, 128)        0.168206    0.007689  0.190366  0.005909
                                           (256, 256)        0.209777    0.008819  0.231838  0.009291
                                           (512, 512)        0.256736    0.009334  0.246911  0.009961
                             SURF          (64, 64)          0.111111    0.008642  0.115082  0.014819
                                           (128, 128)        0.173210    0.004000  0.188602  0.006370
                                           (256, 256)        0.250962    0.001333  0.265267  0.005975
                                           (512, 512)        0.217860    0.009821  0.238308  0.007334
=====================================================================================================
res_type  descriptor_type  feature_type  thumbnail_size     accuracy   std_accuracy  F1     std_F1
OPF+OPF   SIFT             Dense         (64, 64)            0.154734    0.007211  0.168461  0.007770
                                         (128, 128)          0.183603    0.009866  0.188935  0.014017
                                         (256, 256)          0.243649    0.030288  0.244684  0.029531
                                         (512, 512)          0.251732    0.062174  0.248288  0.056864
                           MSER          (64, 64)            0.098922    0.017976  0.101812  0.024419
                                         (128, 128)          0.177829    0.017926  0.182492  0.010955
                                         (256, 256)          0.204773    0.030208  0.214812  0.022885
                                         (512, 512)          0.223249    0.014622  0.220663  0.010867
                           SIFT          (64, 64)            0.087476    0.008522  0.091505  0.008119
                                         (128, 128)          0.083237    0.005298  0.087512  0.005227
                                         (256, 256)          0.098266    0.013630  0.103562  0.015620
                                         (512, 512)          0.110597    0.010742  0.113803  0.007736
          SURF             Dense         (64, 64)            0.118553    0.007860  0.130530  0.007817
                                         (128, 128)          0.170516    0.004808  0.184140  0.002806
                                         (256, 256)          0.224403    0.012772  0.237542  0.005156
                                         (512, 512)          0.250577    0.006928  0.241735  0.005380
                           SURF          (64, 64)            0.052263    0.003107  0.049463  0.004754
                                         (128, 128)          0.133179    0.022192  0.142648  0.021377
                                         (256, 256)          0.178599    0.002404  0.182042  0.002356
                                         (512, 512)          0.178599    0.008744  0.173957  0.004339
=====================================================================================================
res_type  descriptor_type  feature_type  thumbnail_size     accuracy   std_accuracy  F1     std_F1
OPF+SVM   SIFT             Dense         (64, 64)            0.073903    0.004619  0.086300  0.006728
                                         (128, 128)          0.156659    0.005333  0.135545  0.005752
                                         (256, 256)          0.220169    0.030668  0.184723  0.031151
                                         (512, 512)          0.269438    0.005812  0.219100  0.003346
                           MSER          (64, 64)            0.060046    0.004000  0.071209  0.007833
                                         (128, 128)          0.136644    0.024775  0.136721  0.020518
                                         (256, 256)          0.187452    0.043733  0.188269  0.039813
                                         (512, 512)          0.193995    0.060213  0.192346  0.052076
                           SIFT          (64, 64)            0.051638    0.009344  0.058052  0.006896
                                         (128, 128)          0.044701    0.031392  0.041333  0.029087
                                         (256, 256)          0.080154    0.046103  0.072481  0.045026
                                         (512, 512)          0.108671    0.023035  0.105317  0.032306
          SURF             Dense         (64, 64)            0.117398    0.007860  0.125184  0.007392
                                         (128, 128)          0.229792    0.015535  0.188934  0.009340
                                         (256, 256)          0.258276    0.006960  0.206461  0.001461
                                         (512, 512)          0.252887    0.012490  0.207398  0.007964
                           SURF          (64, 64)            0.013992    0.001886  0.010586  0.001977
                                         (128, 128)          0.063125    0.012667  0.066157  0.017957
                                         (256, 256)          0.162048    0.012455  0.151194  0.008260
                                         (512, 512)          0.183988    0.004667  0.174546  0.003193
=====================================================================================================
OVERFEAT+SVM
                                                           0.855658   0.0         0.850268  0.0

OVERFEAT+OPF
                                                           0.695150   0.0         0.690064  0.0
=====================================================================================================
CNN+YUV
                                                           0.540000   0.0         0.520248  0.0
CNN+RGB
                                                           0.480000   0.0         0.456500  0.0  